10 0.893250 0.167279 0.109890 0.334558
1 0.687598 0.155036 0.091052 0.307417
0 0.579278 0.160902 0.100471 0.319151
0 0.559655 0.821497 0.111460 0.340271
10 0.883830 0.833894 0.122449 0.332211
1 0.669545 0.826191 0.073783 0.340271
9 0.481162 0.167279 0.095761 0.334558
9 0.455259 0.817977 0.103611 0.347311
33 0.265306 0.800377 0.097331 0.335578
33 0.295133 0.171463 0.103611 0.335578
34 0.198587 0.169626 0.092622 0.339251
34 0.165620 0.800377 0.108320 0.340271
32 0.102041 0.166106 0.106750 0.332211