3 0.966248 0.119549 0.039246 0.138346
3 0.633438 0.126705 0.036107 0.119264
3 0.531397 0.126705 0.036107 0.119264
3 0.496860 0.121935 0.029827 0.119264
3 0.195447 0.372388 0.036107 0.119264
3 0.629513 0.365232 0.037677 0.114493
3 0.834380 0.367617 0.036107 0.109722
3 0.932496 0.365232 0.043956 0.119264
3 0.905808 0.619264 0.034537 0.112108
3 0.869702 0.858983 0.034537 0.109722
2 0.928571 0.126705 0.032967 0.133575
2 0.288854 0.125512 0.034537 0.121649
2 0.493721 0.366425 0.039246 0.112108
7 0.868132 0.115971 0.031397 0.112108
7 0.591052 0.375966 0.036107 0.135960
7 0.834380 0.620456 0.036107 0.128805
7 0.870487 0.626419 0.029827 0.126419
7 0.562794 0.632383 0.036107 0.128805
7 0.194662 0.619264 0.037677 0.107337
8 0.836735 0.125512 0.037677 0.126419
8 0.529827 0.371195 0.039246 0.116878
8 0.835165 0.861369 0.037677 0.119264
8 0.500000 0.868524 0.036107 0.109722
8 0.160911 0.863754 0.036107 0.109722
21 0.775510 0.119549 0.040816 0.114493
14 0.740188 0.117164 0.029827 0.119264
25 0.704867 0.118357 0.037677 0.131190
25 0.060440 0.130283 0.036107 0.121649
25 0.967033 0.619264 0.037677 0.121649
5 0.597331 0.118357 0.032967 0.126419
5 0.196232 0.863754 0.037677 0.109722
23 0.430926 0.127898 0.039246 0.121649
23 0.094192 0.372388 0.037677 0.128805
23 0.027473 0.132668 0.032967 0.126419
23 0.364207 0.129090 0.040816 0.133575
4 0.255887 0.135054 0.034537 0.140731
4 0.162480 0.124320 0.032967 0.114493
4 0.969388 0.366425 0.036107 0.116878
4 0.934066 0.858983 0.034537 0.119264
4 0.261381 0.618071 0.036107 0.114493
6 0.194662 0.126705 0.034537 0.128805
6 0.159341 0.620456 0.039246 0.114493
6 0.598901 0.869717 0.032967 0.112108
6 0.870487 0.371195 0.039246 0.112108
10 0.097331 0.126705 0.040816 0.128805
10 0.739403 0.368810 0.031397 0.131190
10 0.775510 0.616878 0.031397 0.121649
7 0.291209 0.373581 0.039246 0.107337
0 0.255102 0.373581 0.032967 0.121649
0 0.499215 0.622841 0.037677 0.104952
1 0.631868 0.874488 0.036107 0.112108
1 0.967818 0.856598 0.032967 0.114493
1 0.530612 0.627612 0.025118 0.157428
12 0.776295 0.373581 0.042386 0.135960
12 0.404239 0.866139 0.029827 0.124034
28 0.704082 0.367617 0.036107 0.128805
28 0.430141 0.620456 0.037677 0.114493
28 0.365777 0.621649 0.034537 0.126419
28 0.025903 0.616878 0.036107 0.131190
34 0.773940 0.856598 0.037677 0.114493
26 0.029042 0.370003 0.042386 0.109722
26 0.740188 0.861369 0.036107 0.109722
20 0.059655 0.373581 0.025118 0.135960
20 0.057300 0.614493 0.032967 0.131190
19 0.094192 0.615686 0.043956 0.114493
19 0.399529 0.366425 0.039246 0.131190
19 0.096546 0.873295 0.042386 0.114493
30 0.367347 0.861369 0.037677 0.124034
30 0.741758 0.615686 0.036107 0.128805
30 0.708006 0.857791 0.034537 0.116878