10 0.440345 0.748915 0.064364 0.220393
10 0.379906 0.748915 0.050235 0.230765
10 0.316327 0.754100 0.061224 0.225579
10 0.062794 0.750211 0.053375 0.212614
2 0.535322 0.741136 0.065934 0.230765
2 0.611460 0.742432 0.083203 0.228172
3 0.666405 0.169410 0.102041 0.316329
0 0.689953 0.737247 0.073783 0.202243
0 0.118524 0.745025 0.061224 0.197057
1 0.182104 0.747618 0.037677 0.207429
25 0.843799 0.745025 0.070644 0.248915
1 0.165620 0.240714 0.051805 0.220393
7 0.082418 0.229046 0.080063 0.243729
20 0.770801 0.186264 0.094192 0.292993
22 0.865777 0.195339 0.098901 0.285215
13 0.952119 0.184968 0.089482 0.285215
14 0.921507 0.741136 0.078493 0.241136
31 0.316327 0.232935 0.089482 0.277436
18 0.401884 0.238121 0.075353 0.241136
33 0.470958 0.248493 0.056515 0.241136